dim 17 33
r0 8 10 12 14 16 18 20 22 24
r1 7 9 11 13 15 17 19 21 23 25
r2 6 8 10 12 14 16 18 20 22 24 26
r3 5 7 9 11 13 15 17 19 21 23 25 27
r4 4 6 8 10 12 14 16 18 20 22 24 26 28
r5 3 5 7 9 11 13 15 17 19 21 23 25 27 29
r6 2 4 6 8 10 12 14 16 18 20 22 24 26 28 30
r7 1 3 5 7 9 11 13 15 17 19 21 23 25 27 29 31
r8 0 2 4 6 8 10 12 14 16 18 20 22 24 26 28 30 32
r9 1 3 5 7 9 11 13 15 17 19 21 23 25 27 29 31
r10 2 4 6 8 10 12 14 16 18 20 22 24 26 28 30
r11 3 5 7 9 11 13 15 17 19 21 23 25 27 29
r12 4 6 8 10 12 14 16 18 20 22 24 26 28
r13 5 7 9 11 13 15 17 19 21 23 25 27
r14 6 8 10 12 14 16 18 20 22 24 26
r15 7 9 11 13 15 17 19 21 23 25
r16 8 10 12 14 16 18 20 22 24
